line
0 70 0 10 30 0
line
10 30 0 40 40 0
line
40 40 0 30 10 0
line
30 10 0 70 0 0
line
70 0 0 30 -10 0
line
30 -10 0 40 -40 0
line
40 -40 0 10 -30 0
line
10 -30 0 0 -70 0
line
0 -70 0 -10 -30 0
line
-10 -30 0 -40 -40 0
line
-40 -40 0 -30 -10 0
line
-30 -10 0 -70 0 0
line
-70 0 0 -30 10 0
line
-30 10 0 -40 40 0
line
-40 40 0 -10 30 0
line
-10 30 0 0 70 0
line
0 70 10 10 30 10
line
10 30 10 40 40 10
line
40 40 10 30 10 10
line
30 10 10 70 0 10
line
70 0 10 30 -10 10
line
30 -10 10 40 -40 10
line
40 -40 10 10 -30 10
line
10 -30 10 0 -70 10
line
0 -70 10 -10 -30 10
line
-10 -30 10 -40 -40 10
line
-40 -40 10 -30 -10 10
line
-30 -10 10 -70 0 10
line
-70 0 10 -30 10 10
line
-30 10 10 -40 40 10
line
-40 40 10 -10 30 10
line
-10 30 10 0 70 10
line
0 70 0 0 70 10
line
40 40 0 40 40 10
line
30 10 0 30 10 10
line
70 0 0 70 0 10
line
40 -40 0 40 -40 10
line
30 -10 0 30 -10 10
line
0 -70 0 0 -70 10
line
-40 -40 0 -40 -40 10
line
-30 -10 0 -30 -10 10
line
-70 0 0 -70 0 10
line
-30 10 0 -30 10 10
line
-40 40 0 -40 40 10
line
-10 30 0 -10 30 10
scale
2 2 2
move
250 250 0
rotate
x 40
apply
display
quit
